1218744 912 0
238255 318 1
246366 331 2
2018766 712 0
414577 467 1
414577 467 2
2218788 912 0
614611 694 1
614600 698 2
814577 904 3
2618766 312 0
814633 894 1
814622 898 2
1014600 104 3
3018744 712 0
1014577 94 1
1014577 98 2
1214577 304 3
3418788 112 0
1214600 294 1
1214600 298 2
1414600 504 3
3818766 512 0
1614577 694 1
1614600 698 2
1814600 904 3
4218744 912 0
2014622 94 1
2014600 98 2
2214600 304 3
4818744 512 0
2414600 494 1
2414600 498 2
2614611 704 3
5218788 912 0
2814588 894 1
2814600 898 2
3014577 104 3
5618766 312 0
3214633 294 1
3214611 298 2
3414577 504 3
6018744 712 0
3614611 698 1
3614577 698 2
3814577 904 3
6418788 116 0
4014577 98 1
4014577 99 2
4214577 304 3
6818766 516 0
4414622 498 1
4414555 498 2
4614577 704 3
7218744 916 0
4814600 899 1
4814533 898 2
5014577 104 3
7618788 316 0
5214577 298 1
5214544 298 2
5414577 504 3
8018777 712 0
5614622 698 1
5614533 698 2
5814577 904 3
8418744 112 0
6014600 99 1
6014600 98 2
6214577 304 3
8618766 312 0
6414577 499 1
6414577 499 2
6614577 704 3
9218766 916 0
6814577 899 1
6814555 898 2
7014577 104 3
9618744 316 0
7214622 299 1
7214555 299 2
7414577 504 3
10018788 716 0
7614577 699 1
7614577 699 2
7814588 904 3
10418766 116 0
8014555 99 1
8014555 99 2
8214633 304 3
10818744 516 0
8414566 499 1
8414533 499 2
8614600 704 3
11218788 916 0
8814611 899 1
8814577 899 2
9014600 104 3
11618766 316 0
9214588 299 1
9214555 303 2
9414600 504 3
12018744 716 0
9614533 699 1
9614533 699 2
9814600 904 3
12418788 117 0
10014577 99 1
10014533 99 2
10214600 304 3
12818766 516 0
10414555 499 1
10414577 499 2
10614611 704 3
13218744 917 0
10814555 899 1
10814566 903 2
11014577 104 3
13618788 317 0
11214577 299 1
11414600 503 2
11414577 504 3
